1,张掖,2
2,武威,3
3,天水,4,6
4,安定,3,5,6,7
5,京兆,4,7,26,31,39,40
6,武都,3,4,7,8,9
7,汉中,4,5,6,8,9,31,39,40
8,广汉,6,7,9,10,11
9,巴东,6,7,8,10,11,40,45,49
10,蜀,8,11,12
11,巴西,8,9,10,12,13,49
12,建宁,10,11,13,52
13,牂牁,11,12,49,52
14,辽东,15
15,辽西,16
16,广阳,17,18,19
17,代,16,19,20
18,渤海,16,19,22,23,34
19,巨鹿,16,17,18,20,23,24,25
20,太原,17,19,25,26
21,北海,22,27
22,济南,18,23,27,28
23,平原,18,22,24,28,29
24,魏,18,19,23,25,29,30
25,上党,19,20,24,26,30
26,河东,5,20,25,30,31
27,琅琊,21,22,28,32,33,34
28,山阳,22,23,24,27,29,34
29,东,23,24,28,30,35
30,河南,24,25,26,29,31,35,39
31,弘农,5,7,26,30,39
32,广陵,27,33,36,37
33,彭城,27,32,34,37
34,谯,27,28,29,33,35,37,38
35,颍川,29,30,34,38,39
36,吴,32,37,41,42
37,九江,32,33,34,36,38,42
38,汝南,34,35,37,39,42,43
39,南阳,30,31,35,38,40,43,44,45
40,魏兴,7,9,39,45
41,丹阳,36,37,42,46,47
42,庐江,36,37,38,41,43,47
43,江夏,38,39,42,44,47,48
44,南,39,43,45,48,49
45,宜都,9,39,40,44,49
46,会稽,36,41,47,52
47,豫章,41,42,43,46,48,50,52
48,长沙,43,44,47,49,50,51
49,武陵,9,11,13,44,45,48,51,52
50,桂阳,47,48,51,52
51,零陵,48,49,50,52
52,交州,13,46,49,50,51